4782
536
349
368
119
931
8
840
315
686
563
152
486
142
763
467
907
756
915
822
812
867
870
245
876
115
971
58
416
27
147
807
518
222
224
226
296
55
278
731
896
609
170
83
101
272
981
962
675
790
474
640
836
50
786
580
444
874
814
256
970
693
930
662
233
157
403
85
948
711
661
186
292
150
140
100
514
965
223
696
359
247
501
717
95
791
278
958
440
467
235
896
972
595
219
661
107
336
620
472
210
987
892
533
964
581
603
611
831
387
378
110
457
900
626
503
931
115
787
299
506
935
955
911
846
637
507
722
133
430
559
685
667
830
151
953
669
83
465
100
513
877
48
808
617
634
14
37
386
322
66
771
887
884
177
452
271
961
495
361
19
721
273
943
860
700
460
650
536
315
545
951
824
558
606
674
80
964
104
132
25
75
230
418
96
719
546
318
623
913
585
390
678
137
581
51
341
322
680
277
541
740
568
70
510
528
835
199
182
112
312
273
137
275
311
501
365
496
527
933
17
847
953
624
944
958
448
73
256
372
455
724
207
658
1
882
816
358
944
666
575
435
527
41
565
392
217
123
966
595
603
634
961
534
114
158
549
305
397
349
681
457
422
813
123
577
462
122
396
278
902
696
82
358
635
327
738
117
601
12
310
953
139
201
379
778
254
846
273
487
890
14
230
241
654
10
586
512
557
665
878
734
456
569
576
243
377
198
680
713
239
167
888
54
398
87
794
990
647
7
859
815
468
938
830
169
66
868
693
125
883
744
704
425
218
574
3
349
926
258
823
175
982
816
782
283
452
517
126
342
536
623
436
141
232
471
400
444
356
833
765
214
681
867
936
429
762
463
803
780
533
535
31
22
362
967
340
992
194
165
691
590
645
362
19
181
530
95
463
176
967
586
45
944
426
309
725
557
199
85
850