5039
521
139
452
801
63
239
472
950
57
784
596
92
554
261
806
586
652
930
463
425
380
126
786
888
477
864
365
998
908
769
959
976
20
407
72
211
408
454
458
296
848
63
467
15
845
803
768
260
183
94
747
880
421
236
182
817
557
436
75
333
829
953
242
531
236
520
342
474
867
7
13
636
115
691
629
675
463
279
94
351
265
156
653
129
265
73
106
893
623
406
159
475
567
960
636
612
673
50
27
987
960
1000
964
17
117
7
331
488
802
619
911
795
323
53
210
62
800
299
218
987
854
999
280
562
785
765
691
449
997
274
150
123
923
179
43
760
771
792
87
957
373
492
776
740
205
841
291
868
615
877
461
307
781
428
835
169
365
447
330
66
636
177
499
915
320
868
274
116
493
451
77
624
869
635
433
261
160
762
313
766
62
450
1000
20
346
8
944
192
299
16
177
741
158
351
328
254
932
857
49
86
925
527
32
51
116
281
359
596
907
796
488
183
368
443
203
26
801
628
647
492
464
337
703
233
748
328
260
1
123
161
817
135
69
27
666
636
979
546
746
558
956
754
15
66
614
493
884
107
582
466
982
793
503
289
312
352
291
829
188
850
210
701
56
265
561
145
616
421
763
255
208
509
269
881
834
509
946
566
8
336
272
112
748
921
452
955
143
715
286
573
208
368
94
600
213
602
928
281
527
285
880
409
651
498
642
726
699
767
881
386
822
404
992
768
261
497
994
591
839
734
502
691
367
35
723
939
302
447
584
532
322
323
925
3
964
159
411
144
764
27
97
933
109
975
460
458
720
244
342
603
140
372
899
856
210
524
897
62
477
921
286
505
415
787
478
149
740
148
819
959
549
609
717
897
796
563
603
774
59
169
458
994
553
698
543
907
608
411
100
246
515
59
852
365
467
847
868
640
974
758
873
866
19
350
458
957
937
425
298
999
374
134
523
49
944
898
93
263
508
815
798
110
883
707
833
480
203
905
898
686
716
458
871
231
643
201
559
362
627
425
468
227
289
241
195
472
666
918
282
478
260
902
977
272
383
797
830
608
433
970
713
969
822
750
884
509
961
412
112
110
708
601
332
513
742
248
197
541
130
554
383
55
656
167
773
326
311
375
55
61
339
892
368
530
473
813
874
716
68
420