68524
8566
7260
8008
5035
8798
7471
2749
3443
9632
419
4810
4721
7020
8167
170
1314
9284
2838
7578
1125
3516
1686
3715
7269
8532
6805
2965
8998
4653
6369
1989
3563
9178
5616
5854
4663
6805
7540
4599
1341
3653
9642
8912
9738
7751
7346
2347
8095
9967
4968
1132
6332
5871
2673
5278
100
8206
6696
9230
583
337
4360
184
7028
2824
836
8211
4332
8565
3804
3555
4081
8386
8267
3671
8472
2132
2146
6805
8741
4147
5446
426
1839
3640
1408
6208
4237
6326
1781
546
1172
6645
5832
1077
9983
5885
4624
7276
4916
56
1840
5727
6394
9031
1847
492
6739
9642
2133
7242
4871
3160
2722
5933
1962
116
4582
8914
6133
5527
7829
6882
1866
6147
6061
2368
7478
1055
7034
212
9533
2613
613
9728
8907
6364
7030
8768
3878
6815
4444
1662
110
6860
3902
2690
473
871
3968
9219
5583
7489
7385
5936
6769
8063
9558
8570
6544
7094
9169
3057
9059
5948
2225
8545
7686
5544
8532
298
2763
4969
4458
291
6045
2316
3774
4821
8900
1558
3397
9596
9178
9532
7467
5593
2558
8984
5838
9123
9149
1146
1441
678
6339
5199
4361
2811
5665
9802
8869
8329
7151
2815
8087
6732
390
2590
8287
5075
8915
476
1306
605
3224
2577
3522
8037
6653
807
8805
2480
1658
9382
3158
4879
6384
7876
9662
2099
7274
1052
9212
3357
6834
7646
9028
4630
5462
4167
7581
2429
492
2369
4689
9881
1166
961
6919
7016
8553
9349
4174
7743
9332
1786
4382
2042
8650
3299
3491
2788
3276
7216
6163
6332
8985
9955
4217
3688
9671
6630
9908
8286
3621
6596
9777
3815
4818
2264
6656
5410
135
7785
6556
6365
8390
3112
7004
8111
5964
1417
5279
552
4381
1834
3031
6624
8933
2910
4406
2570
2480
2482
3142
9284
8764
9931
2626
6547
383
9503
5195
2817
5064
3546
2985
5881
2111
9049
6302
3197
3878
5849
7340
4057
4913
939
1062
7526
8521
7530
6368
9082
9495
9189
9479
2561
4091
3743
8094
7972
4213
1444
5524
4511
3267
6662
2548
1237
2315
1879
536
7884
7633
6634
2427
2199
2094
3933
7773
5323
5511
4298
3314
4191
7515
5353
5652
2871
9029
9549
3012
6964
1194
7814
5379
5642
2187
1762
971
1035
3474
8991
1302
2924
2536
9122
9799
7425
5257
6126
7197
7223
4897
3959
9663
803
3108
5783
1909
7892
4168
5757
3766
5590
9202
6170
5893
8548
3438
3111
934
6701
9720
8598
8960
6211
3057
8663
3799
320
8642
4193
6407
7826
4676
7919
3329
7766
4252
8478
331
1929
6761
6037
7867
4371
6671
1133
2199
9597
3881
7258
6198
6450
408
4525
6161
1163
2570
120
5425
5881
2234
9220
1024
9030
7848
3201
1774
8212
6263
9943
8811
5142
9057
5165
2266
19
8394
4251
701
2036
3794
8392
9698
5459
4175
7238
2859
4993
1418
168
5391
1442
9917
6123
824
6179
5400
9225
2471
6214
1152
2525
5331
4425
8669
1497
8808
2827
3050
8563
9161
9382
5269
6457
4889
5337
6080
2688
6484
1493
9678
4529
8862
1528
2838
9999
3978
1258
8925
7792
9627
6901
8861
4404
5689
2896
9391
3305
1633
7430
3395
160
7584
1963
8214
3328
4413
2491
2988
1352
4896
8934
9658
280
3955
9394
9821
4607
5303
3340
6756
6211
8681
3308
3311
5058
3934
2317
4227
9442
2310
6314
7126
6536
3952
1440
5749
7856
8732
7122
6026
6253
2590
7906
2286
1268
2667
2851
7321
1063
3129
5184
9670
3580
9368
5345
10
7833
6222
1278
5375
1026
7077
1423
3013
2228
3299
6893
2628
3997
9367
5623
6919
6577
2578
7609
2654
4690
2671
5148
9395
7283
9503
5976
298
3779
3159
6337
4082
8277
6851
139
8444
9393
6596
3816
4453
4799
7594
6735
25
7871
746
6422
475
336
638
7836
6588
308
7942
3813
8977
5525
2112
8075
5207
5811
2763
6122
4910
746
2241
3875
9010
8065
124
6809
461
3830
4523
7497
6321
5608
8244
2932
7912
6070
2953
4891
6013
4926
827
6808
1009
9009
5513
6089
723
4857
9565
2045
9190
5451
8475
5513
141
3170
8260
9301
997
6399
3004
3887
3092
9369
6281
2528
9083
1787
1516
6854
6766
2769
6280
6874
6934
2598
6318
7360
9038
7416
743
4137
7022
4885
1210
231
6221
8704
9519
1474
6361
2899
4175
2030
3445
3417
5292
1317
4998
8014
9786
6561
5813
8730
467
8051
8268
1410
5843
8125
3114
7110
4772
1654
8148
1703
1209
9297
1969
7903
704
4544
3168
3042
9050
6145
9406
53
4438
910
3464
6663
4863
9240
7350
5885
2965
8887
8220
8037
4632
3823
1178
1412
3299
2605
6165
8107
4093
8195
3767
9493
529
6904
4956
9693
5943
7681
662
6892
1562
1692
6913
4232
3645
7968
3628
1681
9986
3704
7179
9010
3762
8437
4385
1543
5221
9366
4664
7874
6236
9983
7394
1086
844
3617
8446
1586
1644
1507
9906
9358
459
5717
6256
5345
7811
2249
69
8708
6067
9263
6691
592
8613
5367
3724
5643
9299
7687
811
7110
493
2422
8205
3861
7451
4722
6475
9433
1325
3609
23
1440
6905
1826
3704
3402
259
8881
7440
8332
2417
2610
4772
8444
3056
4770
2012
7141
1156
4752
7037
4589
2154
3878
4999
9764
2179
4025
9760
4360
8355
7346
9887
9703
6655
964
4688
5062
2197
6458
1351
2374
6889
3051
1476
8389
7790
3178
7056
6118
8200
517
8696
2416
226
1773
2156
5514
2460
4785
6310
7482
2483
5466
7618
6398
6140
9598
8734
1416
3842
5069
6161
1275
5942
4015
6579
2611
3607
3568
3306
4759
1229
6821
8532
9874
3922
4782
9496
1137
4895
3526
7181
916
1415
5599
9515
5022
7508
8243
6288
4616
6043
3650
3980
7660
9503
1710
1798
8333
5812
1571
6821
5557
6365
7663
2164
5002
5564
2258
1508
7707
8576
7896
2550
5455
6803
3355
5173
6146
6370
5189
7686
757
1881
9468
8664
3403
4671
6832
5928
